   7496.9214700000002       0.29532999999999998     
   7481.4917400000004       0.29587999999999998     
   7425.5589600000003       0.29614000000000001     
   7383.1271900000002       0.29722999999999999     
   6223.9685099999997       0.29743000000000003     
   6212.3962099999999       0.29766999999999999     
   6202.7526300000000       0.29827999999999999     
   6173.8218800000004       0.29858000000000001     
   6160.3208599999998       0.29886000000000001     
   6148.7485600000000       0.29887000000000002     
   6141.0336900000002       0.29891000000000001     
   6129.4613900000004       0.29937000000000002     
   6119.8178099999996       0.29969000000000001     
   6108.2455099999997       0.29981999999999998     
   6079.3147600000002       0.30038999999999999     
   6058.0988799999996       0.30107000000000000     
   6046.5265799999997       0.30118000000000000     
   5986.7363599999999       0.30174000000000001     
   5957.8056200000001       0.30199999999999999     
   5921.1599999999999       0.30203000000000002     
   5732.1457700000001       0.30307000000000001     
   5693.5714399999997       0.30393999999999999     
   5681.9991399999999       0.30412000000000000     
   5620.2802099999999       0.30447000000000002     
   5581.7058800000004       0.30456000000000000     
   5558.5612799999999       0.30560999999999999     
   5489.1274800000001       0.30563000000000001     
   5465.9828799999996       0.30614999999999998     
   5444.7669999999998       0.30658000000000002     
   5421.6224000000002       0.30697000000000002     
   5406.1926599999997       0.30742000000000003     
   5357.9747500000003       0.30789000000000000     
   5334.8301499999998       0.30793999999999999     
   5311.6855500000001       0.30806000000000000     
   5290.4696700000004       0.30841000000000002     
   5267.3250699999999       0.30842999999999998     
   5259.6102000000001       0.30870999999999998     
   5242.2517500000004       0.30908000000000002     
   5180.5328200000004       0.30926999999999999     
   5168.9605199999996       0.30936000000000002     
   5163.1743699999997       0.30943999999999999     
   5151.6020699999999       0.30954999999999999     
   5141.9584900000000       0.30975999999999998     
   5109.1703100000004       0.30996000000000001     
   5095.6692899999998       0.31047999999999998     
   5078.3108400000001       0.31054999999999999     
   5062.8811100000003       0.31080999999999998     
   5030.0929299999998       0.31096000000000001     
   5010.8057600000002       0.31139000000000000     
   4997.3047399999996       0.31159999999999999     
   4979.9462899999999       0.31165999999999999     
   4968.3739900000000       0.31172000000000000     
   4945.2293900000004       0.31201000000000001     
   4925.9422299999997       0.31229000000000001     
   4920.1560799999997       0.31235000000000002     
   4914.3699299999998       0.31237999999999999     
   4871.9381599999997       0.31252000000000002     
   4854.5797100000000       0.31267000000000000     
   4837.2212600000003       0.31297999999999998     
   4827.5776800000003       0.31311000000000000     
   4821.7915300000004       0.31312000000000001     
   4812.1479499999996       0.31324000000000002     
   4785.1459199999999       0.31347000000000003     
   4771.6449000000002       0.31363000000000002     
   4758.1438799999996       0.31402000000000002     
   4736.9279999999999       0.31403999999999999     
   4721.4982700000000       0.31437999999999999     
   4707.9972500000003       0.31450000000000000     
   4698.3536700000004       0.31463000000000002     
   4684.8526499999998       0.31470999999999999     
   4663.6367700000001       0.31491000000000002     
   4650.1357500000004       0.31495000000000001     
   4634.7060199999996       0.31506000000000001     
   4625.0624399999997       0.31508000000000003     
   4617.3475699999999       0.31519999999999998     
   4607.7039900000000       0.31537999999999999     
   4567.2009399999997       0.31562000000000001     
   4547.9137700000001       0.31585000000000002     
   4540.1989100000001       0.31587999999999999     
   4530.5553200000004       0.31608999999999998     
   4486.1948400000001       0.31652999999999998     
   3948.0829100000001       0.31769999999999998     
   3915.2947199999999       0.31802999999999998     
   3897.9362700000001       0.31883000000000000     
   3878.6491099999998       0.31918000000000002     
   3861.2906600000001       0.31996000000000002     
   3851.6470800000002       0.32155000000000000     
   3778.3558400000002       0.32190999999999997     
   3749.4250900000002       0.32261000000000001     
   3741.7102300000001       0.32321000000000000     
   3732.0666500000002       0.32407999999999998     
   3708.9220500000001       0.32457999999999998     
   3687.7061600000002       0.32462999999999997     
   3674.2051499999998       0.32507000000000003     
   3668.4189999999999       0.32579000000000002     
   2464.8998299999998       0.33444000000000002     
   2279.7430399999998       0.34472000000000003     
   2237.3112700000001       0.34638000000000002     
   2214.1666700000001       0.34733000000000003     
   2144.7328699999998       0.34843000000000002     
   2063.7267800000000       0.35104999999999997     
   1965.3622300000000       0.35620000000000002     
   1948.0037800000000       0.35646000000000000     
   1915.2156000000000       0.35958000000000001     
   1874.7125500000000       0.36010999999999999     
   1853.4966600000000       0.36083999999999999     
   1843.8530800000001       0.36107000000000000     
   775.34407999999996       0.37657000000000002     
   732.91231000000005       0.37816000000000000     
   418.53149999999999       0.38272000000000000     
   401.17306000000002       0.38844000000000001     
   389.60075999999998       0.39651999999999998     
   372.24230999999997       0.39856999999999998     
   368.38486999999998       0.39902555634287623     
